13287
14942
16597
18252
19080
19493
19907
20735
21562
22390
22804
23218
24045
24873
25700
26114
26528
27355
27769
27976
28183
28597
29011
29424
29838
30252
30666
31080
31287
31493
31907
32321
32735
32942
33149
33562
33976
34390
34597
34804
35218
35631
36045
36252
36459
36873
37080
37287
37700
38114
38528
38735
38942
39355
39769
39976
40183
40390
40597
40804
41011
41218
41424
41631
41838
42045
42252
42459
42666
42873
43080
43287
43493
43700
43907
44114
44321
44528
44735
44942
45149
45355
45562
45769
45976
46183
46390
46804
47011
47218
47424
47631
47838
48045
48252
48459
48666
48873
49080
49287
49493
49700
49804
49907
50011
50114
50218
50321
50424
50528
50942
51149
51355
51769
52183
52390
52597
53011
53424
53631
53838
54045
54252
54459
54666
55080
55287
55493
55700
55907
56114
56321
56735
56942
57149
57355
57562
57769
57976
58390
58597
58804
59011
59218
59424
59631
59838
60045
60252
60459
60666
60873
61080
61287
61493
61700
61907
62114
62321
62528
62735
62942
63045
63149
63252
63355
63459
63562
63666
63769
63873
63976
64080
64183
64287
64390
64493
64597
65011
65218
65424
65838
66252
66666
66873
67080
67493
67700
67907
68321
68735
68942
69149
69355
69562
69976
70183
70390
70597
70804
71011
71218
71424
71631
71838
72045
72252
72459
72873
72976
73080
73183
73287
73493
73700
74114
74321
74735
75149
75355
75562
75666
75769
75976
76183
76390
76597
76700
76804
77011
77218
77424
77631
77838
78045
78252
78355
78459
78666
78873
79080
79287
79493
79700
79907
80011
80114
80321
80528
80631
80735
80942
81149
81355
81562
81769
81873
81976
82183
82390
82597
82804
83011
83114
83218
83424
83631
83735
83838
83942
84045
84252
84459
84666
84873
85080
85183
85287
85493
85700
85804
85907
86114
86218
86321
86424
86528
86735
86942
87355
87562
87769
87976
88183
88390
88597
88700
88804
89011
89114
89218
89424
89631
89838
89942
90045
90252
90459
90666
90873
91080
91287
91390
91493
91700
91907
92114
92321
92735
93562
94390
95218
96045
96873
97700